N, Model_time(days since 1970-01-01 00:00:00), SI_SSA(particle/m^3), OO_SSA(particle/m^3)
       0       18383.000      110449.      7016.53
       1       18383.083      117729.      7496.21
       2       18383.167      122267.      7887.53
       3       18383.250      123343.      8151.85
       4       18383.333      121658.      8123.36
       5       18383.417      118738.      7845.63
       6       18383.500      115659.      7583.44
       7       18383.583      113172.      7372.37
       8       18383.667      111960.      7186.13
       9       18383.750      112130.      7064.17
      10       18383.833      114456.      7082.09
      11       18383.917      118393.      7186.03
      12       18384.000      123224.      7324.78
      13       18384.083      128854.      7492.74
      14       18384.167      134842.      7656.93
      15       18384.250      140639.      7832.63
      16       18384.333      142165.      7914.95
      17       18384.417      138590.      8008.50
      18       18384.500      127320.      8021.06
      19       18384.583      108758.      7759.02
      20       18384.667      87641.9      7195.43
      21       18384.750      68935.1      6458.63
      22       18384.833      54353.5      5665.35
      23       18384.917      45389.9      5117.63
      24       18385.000      40388.3      4809.43
      25       18385.083      39067.0      4729.86
      26       18385.167      40607.0      4757.64
      27       18385.250      44845.7      4875.64
      28       18385.333      51343.5      5122.74
      29       18385.417      57243.2      5339.62
      30       18385.500      62621.7      5555.54
      31       18385.583      68818.9      5815.48
      32       18385.667      74896.2      6075.53
      33       18385.750      80827.7      6348.67
      34       18385.833      85302.3      6614.07
      35       18385.917      87908.2      6892.43
      36       18386.000      88164.4      7199.14
      37       18386.083      85859.4      7507.15
      38       18386.167      81797.5      7477.43
      39       18386.250      78219.5      7743.95
      40       18386.333      75050.0      8011.56
      41       18386.417      72117.7      8294.87
      42       18386.500      69193.5      8573.72
      43       18386.583      66634.9      8993.65
      44       18386.667      64437.0      9732.00
      45       18386.750      62407.9      10919.3
      46       18386.833      60522.2      12291.4
      47       18386.917      58587.5      13146.2
      48       18387.000      57270.1      13262.5
      49       18387.083      54898.6      13096.2
      50       18387.167      55319.7      13149.9
      51       18387.250      55981.6      13988.6
      52       18387.333      56079.0      15840.8
      53       18387.417      54994.1      18460.7
      54       18387.500      52569.5      21162.8
      55       18387.583      49454.7      23665.5
      56       18387.667      46133.8      25764.5
      57       18387.750      42994.7      27211.6
      58       18387.833      40405.9      28009.9
      59       18387.917      38320.1      28343.9
      60       18388.000      36611.5      28373.5
      61       18388.083      35141.2      28534.3
      62       18388.167      33819.9      29248.0
      63       18388.250      33534.9      30909.2
      64       18388.333      36233.6      33913.9
      65       18388.417      43396.1      38010.3
      66       18388.500      55315.9      42816.4
      67       18388.583      71555.3      47900.1
      68       18388.667      91437.3      53207.9
      69       18388.750      113640.      57586.8
      70       18388.833      134458.      60685.0
      71       18388.917      152027.      63562.1
      72       18389.000      164173.      67094.2
      73       18389.083      175005.      72110.1
      74       18389.167      194434.      78364.5
      75       18389.250      289698.      83328.8
      76       18389.333      778284.      83930.7
      77       18389.417  1.91378e+06      79698.6
      78       18389.500  3.64760e+06      73156.1
      79       18389.583  5.20830e+06      65256.0
      80       18389.667  6.37555e+06      56488.5
      81       18389.750  7.13721e+06      48825.1
      82       18389.833  7.25612e+06      42880.9
      83       18389.917  6.75598e+06      38127.2
      84       18390.000  5.85192e+06      33945.5
      85       18390.083  4.63997e+06      29018.3
      86       18390.167  3.65778e+06      24697.8
      87       18390.250  3.25907e+06      21332.1
      88       18390.333  3.31383e+06      18429.7
      89       18390.417  3.53136e+06      16966.1
      90       18390.500  4.29769e+06      16909.1
      91       18390.583  5.08919e+06      17404.1
      92       18390.667  5.60699e+06      17923.6
      93       18390.750  5.71067e+06      18304.3
      94       18390.833  5.75484e+06      19344.6
      95       18390.917  5.52172e+06      19891.2
      96       18391.000  4.96544e+06      19758.7
      97       18391.083  4.22258e+06      19700.0
      98       18391.167  3.34309e+06      19188.4
      99       18391.250  2.56437e+06      18580.6
     100       18391.333  1.97983e+06      18049.8
     101       18391.417  1.52196e+06      17418.7
     102       18391.500  1.17738e+06      16678.3
     103       18391.583      945263.      15943.8
     104       18391.667      787319.      15288.8
     105       18391.750      673444.      14767.5
     106       18391.833      588314.      14466.5
     107       18391.917      519297.      14329.6
     108       18392.000      455726.      14276.7
     108       18392.000  2.98388e+06      18433.0
     109       18392.083      387758.      14338.8
     109       18392.083  2.92537e+06      17699.5
     110       18392.167      343273.      14516.7
     110       18392.167  2.93262e+06      17517.3
     111       18392.250      467524.      14878.3
     111       18392.250  2.95791e+06      17858.5
     112       18392.333  3.09653e+06      18463.0
     113       18392.417  3.57083e+06      19437.0
     114       18392.500  4.50117e+06      20727.9
     115       18392.583  5.66484e+06      21870.0
     116       18392.667  6.78252e+06      23071.1
     117       18392.750  7.58086e+06      24092.2
     118       18392.833  7.88964e+06      24844.2
     119       18392.917  7.57224e+06      25293.4
     120       18393.000  6.52196e+06      25713.5
     121       18393.083  5.22858e+06      27114.1
     122       18393.167  4.05574e+06      29359.1
     123       18393.250  3.25965e+06      32212.2
     124       18393.333  2.38614e+06      30200.2
     125       18393.417  1.88532e+06      28699.5
     126       18393.500  1.54833e+06      27661.7
     127       18393.583  1.15326e+06      24662.3
     128       18393.667      918138.      22594.1
     129       18393.750      815436.      21004.3
     130       18393.833      798144.      21445.5
     131       18393.917      746628.      22790.0
     132       18394.000      620669.      23442.0
     133       18394.083      535690.      24839.9
     134       18394.167      497342.      24544.1
     135       18394.250      451652.      19714.3
     136       18394.333      255891.      11198.7
     137       18394.417      262226.      7547.53
     138       18394.500  1.27370e+06      23645.4
     139       18394.583  2.30546e+06      38024.2
     140       18394.667  4.65479e+06      61368.4
     141       18394.750  7.66819e+06      79945.8
     142       18394.833  8.79586e+06      84786.0
     143       18394.917  1.01935e+07      112888.
     144       18395.000  1.15974e+07      160821.
     145       18395.083  1.39210e+07      242721.
     146       18395.167  1.50817e+07      345148.
     147       18395.250  1.55049e+07      493882.
     148       18395.333  1.72354e+07      680717.
     149       18395.417  1.76491e+07      796735.
     150       18395.500  1.76776e+07      900162.
     151       18395.583  1.83583e+07  1.05631e+06
     152       18395.667  1.70272e+07  1.19840e+06
     153       18395.750  1.48117e+07  1.29196e+06
     154       18395.833  1.13386e+07  1.28191e+06
     155       18395.917  7.76000e+06  1.17429e+06
     156       18396.000  4.75721e+06  1.04059e+06
     157       18396.083  2.83194e+06      908544.
     158       18396.167  1.64734e+06      776250.
     159       18396.250      967932.      650496.
     160       18396.333      598224.      556700.
     161       18396.417      408899.      536658.
     162       18396.500      307353.      568784.
     163       18396.583      210334.      522469.
     164       18396.667      85196.6      289563.
     165       18396.750      52176.0      191262.
     166       18396.833      43139.3      73366.8
     167       18396.917      90772.2      139095.
     168       18397.000      718757.      202555.
     169       18397.083  1.40092e+06      243519.
     170       18397.167  1.48211e+06      276633.
     171       18397.250  1.29353e+06      299395.
     172       18397.333  1.08191e+06      294348.
     173       18397.417      842028.      273673.
     174       18397.500      651587.      255766.
     175       18397.583      542655.      256013.
     176       18397.667      480010.      276455.
     177       18397.750      421449.      306863.
     178       18397.833      358769.      332841.
     179       18397.917      298761.      352681.
     180       18398.000      244468.      368377.
     181       18398.083      200200.      378094.
     182       18398.167      167500.      380837.
     183       18398.250      144160.      381749.
     184       18398.333      126989.      382613.
     185       18398.417      111313.      385213.
     186       18398.500      93162.0      388782.
     187       18398.583      73451.5      388491.
     188       18398.667      55435.8      386057.
     189       18398.750      40616.4      380750.
     190       18398.833      29068.3      371774.
     191       18398.917      20701.2      357774.
