N,Model_time(days since 1970-01-01 00:00:00), SI_SSA(particle/m^3), OO_SSA(particle/m^3)
       0       18262.083  1.52804e+06      2459.01
       1       18262.167  2.61220e+06      2383.62
       2       18262.250  3.64476e+06      2365.60
       3       18262.333  4.68683e+06      2612.35
       4       18262.417  5.31031e+06      2935.49
       5       18262.500  5.57447e+06      3439.07
       6       18262.583  5.98759e+06      4343.35
       7       18262.667  6.69237e+06      5353.21
       8       18262.750  7.82828e+06      6324.50
       9       18262.833  9.16198e+06      7207.60
      10       18262.917  1.05672e+07      8169.21
      11       18263.000  1.21690e+07      9359.64
      12       18263.083  1.28628e+07      10106.0
      13       18263.167  1.30761e+07      10670.7
      14       18263.250  1.27682e+07      10885.8
      15       18263.333  1.19902e+07      10921.7
      16       18263.417  1.06711e+07      10610.0
      17       18263.500  9.32913e+06      10100.7
      18       18263.583  7.89914e+06      9519.23
      19       18263.667  6.56790e+06      8953.60
      20       18263.750  5.41561e+06      8611.99
      21       18263.833  4.27687e+06      8533.46
      22       18263.917  3.59174e+06      9551.74
      23       18264.000  3.14261e+06      11247.7
      24       18264.083  2.84132e+06      13270.8
      25       18264.167  2.56126e+06      14710.4
      26       18264.250  2.30017e+06      15304.7
      27       18264.333  2.13020e+06      15845.6
      28       18264.417  1.91446e+06      15637.5
      29       18264.500  1.67136e+06      14962.1
      30       18264.583  1.45063e+06      14392.3
      31       18264.667  1.27957e+06      14629.6
      32       18264.750  1.17564e+06      15659.4
      33       18264.833  1.17564e+06      17864.6
      34       18264.917  1.33544e+06      21235.2
      35       18265.000  1.69374e+06      24772.2
      36       18265.083  2.14243e+06      26563.5
      37       18265.167  2.55016e+06      26655.4
      38       18265.250  2.79723e+06      25977.2
      39       18265.333  2.83968e+06      25335.1
      40       18265.417  2.71010e+06      25285.5
      41       18265.500  2.41820e+06      25292.1
      42       18265.583  2.00379e+06      24741.3
      43       18265.667  1.59338e+06      23762.5
      44       18265.750  1.23143e+06      22243.4
      45       18265.833      949315.      20015.8
      46       18265.917      771971.      17657.6
      47       18266.000      661132.      15496.6
      48       18266.083      585733.      13841.4
      49       18266.167      521837.      12449.0
      50       18266.250      458541.      11244.2
      51       18266.333      391492.      10083.6
      52       18266.417      320747.      8994.34
      53       18266.500      243203.      8048.00
      54       18266.583      163150.      6770.39
      55       18266.667      102925.      5886.16
      56       18266.750      65881.1      5611.26
      57       18266.833      49687.2      5618.45
      58       18266.917      50671.1      5899.42
      59       18267.000      50771.0      6066.89
      60       18267.083      49622.6      6946.08
      61       18267.167      60762.1      7668.87
      62       18267.250      78051.9      8214.20
      63       18267.333      99291.4      8624.22
      64       18267.417      126003.      8790.20
      65       18267.500      159800.      8740.90
      66       18267.583      198823.      8589.64
      67       18267.667      231363.      8454.85
      68       18267.750      245225.      8310.92
      69       18267.833      228479.      7737.17
      70       18267.917      182599.      6553.28
      71       18268.000      125364.      4942.52
      72       18268.083      73948.3      3761.53
      73       18268.167      46661.3      3883.93
      74       18268.250      43320.1      4849.44
      75       18268.333      50156.7      5732.96
      76       18268.417      53389.0      5996.03
      77       18268.500      65630.4      6208.61
      78       18268.583      89817.8      6534.12
      79       18268.667      121954.      6737.34
      80       18268.750      153040.      6570.22
      81       18268.833      181790.      6422.45
      82       18268.917      201461.      6243.28
      83       18269.000      215688.      6135.98
      84       18269.083      228244.      5983.16
      85       18269.167      235782.      5743.36
      86       18269.250      235683.      5529.49
      87       18269.333      234589.      5456.06
      88       18269.417      236919.      5538.14
      89       18269.500      239984.      5699.31
      90       18269.583      243238.      5904.45
      91       18269.667      245494.      5988.74
      92       18269.750      250455.      6151.31
      93       18269.833      257984.      6477.61
      94       18269.917      258695.      6851.41
      95       18270.000      256303.      7179.54
      96       18270.083      258775.      7535.17
      97       18270.167      260997.      7852.90
      98       18270.250      254510.      8032.09
      99       18270.333      237296.      8044.74
     100       18270.417      393525.      8036.97
     101       18270.500      960693.      8059.55
     102       18270.583  1.46311e+06      7912.60
     103       18270.667  1.49535e+06      7337.19
     104       18270.750  1.45104e+06      7000.62
     105       18270.833  1.49258e+06      7722.16
     106       18270.917  1.40200e+06      9642.32
     107       18271.000  1.40675e+06      12157.1
     108       18271.083  1.95834e+06      13957.3
     109       18271.167  2.94409e+06      14525.3
     110       18271.250  4.06828e+06      14291.0
     111       18271.333  4.23953e+06      14241.3
     112       18271.417  3.65387e+06      14362.1
     113       18271.500  3.06636e+06      14366.1
     114       18271.583  2.66232e+06      14188.9
     115       18271.667  2.37646e+06      13934.4
     116       18271.750  1.95799e+06      13406.4
     117       18271.833  1.70408e+06      12923.4
     118       18271.917  1.62314e+06      12493.7
     119       18272.000  1.64038e+06      11848.9
     120       18272.083  1.47411e+06      9477.05
     121       18272.167  1.31189e+06      7801.06
     122       18272.250  1.11314e+06      6577.57
     123       18272.333      876872.      5130.54
     124       18272.417      786145.      4420.22
     125       18272.500      789668.      4211.84
     126       18272.583      809262.      4150.09
     127       18272.667      776919.      4234.80
     128       18272.750      712267.      4330.95
     129       18272.833      713930.      4891.00
     130       18272.917      637976.      4982.36
     131       18273.000      511840.      4604.25
     132       18273.083      432748.      4099.41
     133       18273.167      409327.      3577.49
     134       18273.250      478051.      3787.96
     135       18273.333      523412.      5083.32
     136       18273.417      498087.      7221.65
     137       18273.500      448036.      9536.37
     138       18273.583      468752.      12445.2
     139       18273.667      508030.      14480.3
     140       18273.750      589847.      15394.8
     141       18273.833      636143.      15421.5
     142       18273.917      630221.      15139.0
     143       18274.000      618489.      15023.6
     144       18274.083      667202.      15415.5
     145       18274.167      720075.      15680.1
     146       18274.250      866321.      15715.0
     147       18274.333  1.05891e+06      15538.6
     148       18274.417  1.22536e+06      15154.6
     149       18274.500  1.35147e+06      14782.1
     150       18274.583  1.42287e+06      14763.9
     151       18274.667  1.47387e+06      15468.3
     152       18274.750  1.55332e+06      16681.4
     153       18274.833  1.76580e+06      18129.7
     154       18274.917  2.12337e+06      19898.0
     155       18275.000  2.43366e+06      21607.3
     156       18275.083  2.66163e+06      22910.7
     157       18275.167  2.74334e+06      23191.9
     158       18275.250  2.60152e+06      22796.7
     159       18275.333  2.28785e+06      23173.6
     160       18275.417  1.81461e+06      22183.3
     161       18275.500  1.46025e+06      21014.0
     162       18275.583  1.66902e+06      19828.3
     163       18275.667  2.33907e+06      18760.0
     164       18275.750  2.91475e+06      17923.9
     165       18275.833  2.85292e+06      17441.2
     166       18275.917  2.64962e+06      17136.7
     167       18276.000  2.63168e+06      16607.8
     168       18276.083  2.50601e+06      16018.8
     169       18276.167  2.25051e+06      15827.9
     170       18276.250  2.12922e+06      16489.3
     171       18276.333  2.74371e+06      19552.3
     172       18276.417  4.26850e+06      25397.1
     173       18276.500  6.54655e+06      30314.0
     174       18276.583  9.06315e+06      31665.0
     175       18276.667  1.05225e+07      29195.3
     176       18276.750  1.07965e+07      25348.6
     177       18276.833  1.07041e+07      21696.9
     178       18276.917  1.04628e+07      18312.3
     179       18277.000  9.80213e+06      15699.5
     180       18277.083  8.72002e+06      13097.1
     181       18277.167  7.24375e+06      11327.1
     182       18277.250  5.46341e+06      10821.0
     183       18277.333  3.67883e+06      11767.9
     184       18277.417  2.25693e+06      13917.4
     185       18277.500  1.34559e+06      16795.3
     186       18277.583      875964.      19198.2
     187       18277.667      749795.      22137.1
     188       18277.750      791448.      24323.8
     189       18277.833      938878.      22225.9
     190       18277.917  1.63315e+06      19849.6
     191       18278.000  3.14621e+06      17492.3
     192       18278.083  5.99327e+06      16937.9
     193       18278.167  8.11240e+06      14971.4
     194       18278.250  8.22694e+06      12951.4
     195       18278.333  6.99078e+06      9333.74
     196       18278.417  5.94688e+06      7282.77
     197       18278.500  5.12278e+06      6167.96
     198       18278.583  4.13766e+06      5365.79
     199       18278.667  3.33999e+06      4879.23
     200       18278.750  2.96511e+06      4727.41
     201       18278.833  3.14395e+06      4935.54
     202       18278.917  3.50192e+06      4777.08
     203       18279.000  3.89988e+06      4221.15
     204       18279.083  3.80179e+06      3191.83
     205       18279.167  3.54439e+06      2423.80
     206       18279.250  3.23333e+06      2166.62
     207       18279.333  2.84862e+06      2354.07
     208       18279.417  2.43412e+06      2754.68
     209       18279.500  1.97233e+06      2969.93
     210       18279.583  1.65284e+06      3081.56
     211       18279.667  1.57778e+06      3469.33
     212       18279.750  1.57096e+06      3910.21
     213       18279.833  1.73569e+06      4663.89
     214       18279.917  1.86962e+06      5146.30
     215       18280.000  1.90554e+06      5169.53
     216       18280.083  1.98856e+06      5251.47
     217       18280.167  1.95796e+06      5112.56
     218       18280.250  1.83074e+06      4841.69
     219       18280.333  1.66251e+06      4592.59
     220       18280.417  1.50854e+06      4549.29
     221       18280.500  1.43137e+06      4655.41
     222       18280.583  1.51525e+06      4926.54
     223       18280.667  1.79629e+06      5258.44
     224       18280.750  2.46657e+06      5981.29
     225       18280.833  3.61304e+06      7354.54
     226       18280.917  4.98717e+06      9043.49
     227       18281.000  6.36510e+06      10613.5
     228       18281.083  7.48378e+06      11579.3
     229       18281.167  8.27534e+06      11950.2
     230       18281.250  8.51457e+06      11681.8
     231       18281.333  8.02042e+06      10799.1
     232       18281.417  7.09249e+06      9716.08
     233       18281.500  5.98817e+06      8659.31
     234       18281.583  4.83750e+06      7595.55
     235       18281.667  3.71453e+06      6568.51
     236       18281.750  2.97221e+06      5669.89
     237       18281.833  2.54289e+06      5081.90
     238       18281.917  2.29897e+06      4724.77
     239       18282.000  2.08784e+06      4302.01
     240       18282.083  1.87043e+06      3953.03
     241       18282.167  1.60239e+06      3626.82
     242       18282.250  1.27646e+06      3375.63
     243       18282.333      835550.      3224.44
     244       18282.417      541896.      3261.75
     245       18282.500      348428.      3506.70
     246       18282.583      230100.      3786.03
     247       18282.667      169986.      3989.38
     248       18282.750      147217.      4047.49
     249       18282.833      128751.      3523.14
     250       18282.917      123098.      3077.76
     251       18283.000      119017.      2697.38
     252       18283.083      101009.      2106.80
     253       18283.167      80213.5      1615.07
     254       18283.250      58554.7      1223.39
     255       18283.333      35993.2      869.031
     256       18283.417      22987.1      577.460
     257       18283.500      15550.0      412.566
     258       18283.583      45208.3      341.873
     259       18283.667      95359.0      351.461
     260       18283.750      108476.      416.505
     261       18283.833      100454.      654.458
     262       18283.917      192972.      1032.86
     263       18284.000      279938.      1443.25
     264       18284.083      398915.      1975.41
     265       18284.167      488782.      2519.44
     266       18284.250      400642.      2203.25
     267       18284.333      508753.      2939.60
     268       18284.417      579389.      3608.60
     269       18284.500      612603.      4155.41
     270       18284.583      647250.      4742.11
     271       18284.667      658807.      5126.78
     272       18284.750      654221.      5326.03
     273       18284.833      650463.      5456.74
     274       18284.917      644498.      5521.44
     275       18285.000      635167.      5532.27
     276       18285.083      616904.      5419.72
     277       18285.167      583562.      5065.99
     278       18285.250      521319.      4362.75
     279       18285.333      432995.      3476.16
     280       18285.417      343993.      2774.11
     281       18285.500      271984.      2473.55
     282       18285.583      224730.      2520.00
     283       18285.667      217967.      2882.10
     284       18285.750      247360.      3482.63
     285       18285.833      269136.      3756.43
     286       18285.917      289945.      3762.62
     287       18286.000      305843.      3594.02
     288       18286.083      310365.      3611.68
     289       18286.167      377749.      4858.85
     290       18286.250      487356.      6893.17
     291       18286.333      623559.      8900.02
     292       18286.417      701195.      10157.1
     293       18286.500      666129.      10171.6
     294       18286.583      777108.      11130.1
     295       18286.667      963576.      10541.4
     296       18286.750  1.24345e+06      9859.89
     297       18286.833  1.47678e+06      9443.81
     298       18286.917  1.50334e+06      9213.45
     299       18287.000  1.55094e+06      10701.3
     300       18287.083  1.67441e+06      15141.4
     301       18287.167  1.81449e+06      21397.8
     302       18287.250  1.97947e+06      27123.9
     303       18287.333  2.16431e+06      31257.1
     304       18287.417  2.29553e+06      34219.7
     305       18287.500  2.35335e+06      37291.9
     306       18287.583  2.32919e+06      41225.1
     307       18287.667  2.25409e+06      47539.3
     308       18287.750  2.14617e+06      54764.3
     309       18287.833  1.99596e+06      62895.5
     310       18287.917  1.77622e+06      68691.4
     311       18288.000  1.50260e+06      70361.2
     312       18288.083  1.14545e+06      63920.7
     313       18288.167      900855.      56664.3
     314       18288.250      782571.      52083.7
     315       18288.333      762235.      50006.5
     316       18288.417      926603.      49946.6
     317       18288.500  1.20272e+06      50908.6
     318       18288.583  1.51577e+06      50875.2
     319       18288.667  1.77844e+06      50254.0
     320       18288.750  1.95043e+06      48698.5
     321       18288.833  1.98852e+06      46986.5
     322       18288.917  1.94028e+06      46297.2
     323       18289.000  1.82899e+06      45657.7
     324       18289.083  1.62034e+06      43968.4
     325       18289.167  1.41735e+06      44287.8
     326       18289.250  1.23783e+06      46152.8
     327       18289.333  1.10706e+06      49241.2
     328       18289.417      967156.      50693.1
     329       18289.500      824246.      50965.5
     330       18289.583      747563.      53677.9
     331       18289.667      674449.      53171.9
     332       18289.750      608603.      51812.5
     333       18289.833      567345.      51864.2
     334       18289.917      531680.      52972.1
     335       18290.000      504672.      57738.1
     336       18290.083      481398.      63910.1
     337       18290.167      462503.      68012.1
     338       18290.250      450575.      69764.8
     339       18290.333      444283.      68071.3
     340       18290.417      448477.      63741.3
     341       18290.500      473370.      62987.2
     342       18290.583      474671.      64608.7
     343       18290.667      454513.      59239.4
     344       18290.750      522987.      40411.7
     345       18290.833      519795.      29149.3
     346       18290.917      451379.      43995.7
     347       18291.000      410258.      80873.8
     348       18291.083      444421.      109654.
     349       18291.167      581030.      100383.
     350       18291.250      652082.      75383.9
     351       18291.333      665067.      50457.9
     352       18291.417      451329.      25784.8
     353       18291.500      187255.      9793.99
     354       18291.583      94423.0      6636.06
     355       18291.667      248754.      8222.73
     356       18291.750      476355.      10295.2
     357       18291.833      620022.      12735.3
     358       18291.917      692934.      15813.8
     359       18292.000      670354.      18781.9
     360       18292.083      581732.      19921.8
     361       18292.167      442306.      20154.2
     362       18292.250      342659.      23414.7
     363       18292.333      224104.      36403.8
     364       18292.417      258803.      69730.5
     365       18292.500      666295.      122720.
     366       18292.583  1.13976e+06      153695.
     367       18292.667  1.48234e+06      158796.
     368       18292.750  1.62353e+06      143465.
     369       18292.833  1.55814e+06      116870.
     370       18292.917  1.35441e+06      87407.3
